1000 init, home, home
4000 home-task
7000 task 0.30 0.23 -0.40 0.6 0.0 0.0 0.30 -0.23 -0.40 -0.6 0.0 0.0
10500 task 0.30 0.23 -0.40 -0.6 0.0 0.0 0.30 -0.23 -0.40 0.6 0.0 0.0
14000 task 0.30 0.23 -0.40 0.0 0.6 0.0 0.30 -0.23 -0.40 0.0 -0.6 0.0
17500 task 0.30 0.23 -0.40 0.0 -0.6 0.0 0.30 -0.23 -0.40 0.0 0.6 0.0
21000 task 0.30 0.23 -0.40 0.0 0.0 0.8 0.30 -0.23 -0.40 0.0 0.0 -0.8
24500 task 0.30 0.23 -0.40 0.0 0.0 -0.8 0.30 -0.23 -0.40 0.0 0.0 0.8
28000 task 0.30 0.23 -0.40 0.3 0.3 0.3 0.30 -0.23 -0.40 -0.3 -0.3 -0.3
31500 home-task
35000 quit